785
42 80
40 7
78 15
87 91
95 46
23 60
40 72
78 85
10 20
74 62
88 99
100 58
48 17
44 31
31 41
28 63
87 68
5 32
41 77
10 64
48 97
98 12
22 82
22 55
4 52
23 46
18 17
58 4
68 34
84 36
89 63
79 66
97 66
26 66
88 20
9 4
23 25
26 33
90 83
19 95
57 77
41 14
74 51
8 14
7 21
74 38
88 22
9 14
52 87
49 18
42 29
88 60
95 74
83 36
44 43
68 89
58 5
60 49
43 11
9 74
47 49
76 97
6 9
19 3
96 30
30 57
69 30
65 58
80 88
78 32
92 79
31 39
65 94
39 54
97 67
72 48
53 84
16 86
55 75
70 27
89 98
3 83
22 13
98 70
45 64
73 48
98 1
61 56
50 14
29 93
56 59
19 24
35 32
1 56
88 86
37 80
81 11
89 2
44 71
