785
89 2
19 3
52 4
58 5
9 6
40 7
14 8
4 9
20 10
43 11
98 12
22 13
9 14
78 15
86 16
18 17
49 18
95 19
88 20
7 21
88 22
46 23
19 24
23 25
66 26
70 27
63 28
87 29
57 30
41 31
5 32
26 33
68 34
32 35
83 36
80 37
74 38
31 39
72 40
14 41
29 42
44 43
31 44
64 45
95 46
49 47
17 48
60 49
14 50
74 51
87 52
84 53
39 54
22 55
1 56
77 57
4 58
56 59
23 60
56 61
74 62
89 63
10 64
58 65
97 66
97 67
89 68
30 69
98 70
44 71
48 72
48 73
9 74
55 75
97 76
41 77
32 78
66 79
42 80
11 81
22 82
3 83
36 84
78 85
88 86
68 87
60 88
98 89
83 90
87 91
79 92
29 93
65 94
74 95
30 96
48 97
1 98
88 99
58 100
